ID: 4, Start Latitude: 6.597601307373124, Start Longitude: 79.95832152505585, End Latitude: 6.4134, End Longitude: 81.3346
ID: 3, Start Latitude: 6.597601307373124, Start Longitude: 79.95832152505585, End Latitude: 6.4134, End Longitude: 80.003183
